1
2
2
6
7
7
7
8
8
9
11
12
12
14
14
14
17
18
19
20
20
21
26
27
28
29
31
33
37
37
39
41
41
43
44
46
46
46
47
50
50
50
50
51
51
54
56
56
56
57
58
60
60
60
60
63
67
67
67
70
70
70
70
70
70
72
72
74
74
74
75
76
76
77
78
78
79
81
81
82
83
84
84
86
86
87
88
90
90
91
91
92
96
99
100
100
101
102
104
104
104
106
106
109
112
112
113
113
113
114
116
117
120
121
121
121
121
121
122
122
122
126
126
127
127
128
128
129
130
130
131
131
133
133
134
135
137
138
140
144
144
144
145
146
146
148
148
149
150
150
150
150
153
153
155
156
157
158
159
159
161
161
162
162
167
167
167
168
168
169
169
170
172
173
173
173
175
175
176
176
177
177
180
182
182
183
185
187
188
188
189
189
190
191
191
193
194
194
196
196
197
199
200
200
201
203
207
208
208
209
209
210
210
211
212
212
212
212
213
217
218
219
220
221
223
223
223
224
231
231
232
233
234
235
235
236
236
237
237
238
238
238
239
240
243
245
246
246
246
247
250
252
252
252
253
254
254
257
260
260
262
262
266
267
271
272
272
272
275
278
278
279
279
279
279
280
281
281
283
283
283
285
285
285
286
286
287
293
293
295
296
297
299
300
301
303
303
304
306
306
308
308
310
311
311
312
312
313
315
315
320
321
321
321
323
323
323
324
325
327
327
327
332
335
335
336
338
338
340
343
344
346
346
346
347
348
350
351
351
352
353
353
356
356
359
359
360
360
360
364
365
366
366
366
367
368
371
372
373
373
376
376
377
377
379
380
381
382
383
383
385
385
385
387
388
388
391
392
393
396
397
398
398
402
404
405
405
406
408
409
409
411
412
414
414
414
414
417
418
418
419
419
420
420
425
425
425
426
427
427
428
430
430
431
433
433
434
435
435
436
437
437
437
439
440
441
445
448
448
449
450
451
451
452
455
456
456
456
457
459
461
462
462
464
464
466
468
468
469
471
472
474
474
475
476
476
477
478
478
478
479
481
482
482
484
485
487
487
487
488
490
490
492
493
494
495
495
497
497
497
497
498
500
500
501
502
502
503
505
507
507
507
508
508
508
513
513
515
516
517
518
519
519
520
521
521
521
522
523
525
527
529
529
531
532
533
534
534
535
537
538
538
539
541
541
542
543
544
544
546
546
547
550
551
552
552
553
553
554
554
555
556
557
557
557
558
559
559
559
560
562
562
563
564
565
565
567
568
571
573
573
573
573
574
575
576
579
580
580
581
583
583
584
584
584
584
585
585
586
587
588
588
589
595
596
597
598
599
600
600
601
602
602
602
603
604
605
605
607
609
610
610
611
616
616
618
618
618
621
621
624
624
625
625
626
626
626
627
630
632
633
633
634
635
637
637
638
638
639
639
643
643
645
647
649
650
651
653
654
655
657
657
662
665
665
666
667
668
668
675
676
677
680
681
681
681
682
682
683
684
684
685
686
687
687
687
688
689
690
691
692
692
692
693
694
695
697
701
703
703
704
705
705
707
710
711
714
715
715
716
716
716
717
717
718
720
721
721
721
722
723
725
727
728
729
730
731
731
731
733
734
737
738
738
738
739
739
740
741
741
743
743
743
744
744
745
749
749
750
751
751
752
752
754
755
755
756
756
756
761
763
764
764
764
765
766
767
768
768
772
773
773
773
774
775
775
781
782
783
783
783
783
785
786
789
789
790
791
791
792
794
794
795
795
797
797
797
797
798
798
798
800
801
802
803
804
805
806
812
812
813
814
815
816
816
818
823
823
824
824
826
828
828
829
830
832
833
834
834
834
835
835
836
838
839
841
842
843
843
845
846
848
848
849
849
849
852
852
853
854
854
855
855
856
858
860
860
861
861
862
863
863
865
865
866
869
871
871
871
872
872
874
874
875
875
876
876
878
879
880
880
882
882
883
883
886
888
890
890
891
891
892
893
893
893
894
895
896
897
899
900
900
901
903
903
904
904
905
906
906
906
907
908
908
909
909
911
912
913
914
914
914
915
916
920
920
921
922
923
924
924
925
926
926
926
927
927
928
928
929
930
931
933
934
934
935
936
936
937
938
939
940
940
941
942
944
944
944
944
945
945
946
948
948
949
949
950
951
952
952
952
952
954
954
955
955
956
956
957
958
958
959
962
963
963
963
965
965
965
966
966
967
969
969
969
969
972
974
975
976
977
978
980
980
980
980
980
983
984
985
990
990
992
994
994
994
997
997
998
998
999
1000
